      0/29     1.86G   0.09854   0.09318         0    0.1917        24       416         0         0  0.004895 0.0009547   0.09176   0.05526         0
      1/29     1.93G   0.09296    0.1009         0    0.1939        37       416   0.04823   0.01505  0.007566  0.001351    0.0922   0.05528         0
      2/29     1.93G    0.0913    0.1026         0    0.1939        39       416   0.05829   0.04946   0.01947  0.004119    0.0968   0.05152         0
      3/29     1.93G   0.09035   0.09901         0    0.1894        32       416   0.02915    0.4043   0.03057  0.006599    0.0959   0.07846         0
      4/29     1.93G   0.08685   0.09713         0     0.184        55       416   0.05236    0.3398   0.03853  0.007863   0.08268     0.062         0
      5/29     1.93G   0.08275    0.1015         0    0.1842        38       416   0.07259    0.3892   0.07401     0.016   0.07803   0.06315         0
      6/29     1.93G   0.07917   0.09964         0    0.1788        41       416   0.05997    0.3849    0.0883   0.01966   0.07981   0.06316         0
      7/29     1.93G   0.07636     0.102         0    0.1783        29       416   0.08953     0.428     0.128   0.03458   0.07256   0.06445         0
      8/29     1.93G   0.07281    0.1014         0    0.1742        26       416   0.05227    0.5333    0.1046   0.02743   0.07032   0.07253         0
      9/29     1.93G   0.07062    0.1053         0    0.1759        34       416   0.04591    0.5204    0.1058   0.02724   0.07206   0.07525         0
     10/29     1.93G   0.06789   0.09917         0    0.1671        36       416    0.1101    0.5548    0.2686   0.08578   0.06531     0.065         0
     11/29     1.93G   0.06473    0.1013         0    0.1661        43       416    0.1531    0.5269    0.2737    0.1073   0.06253   0.05991         0
     12/29     1.93G   0.06391    0.1014         0    0.1653        51       416    0.1179    0.5892    0.2728    0.1008   0.06187   0.06436         0
     13/29     1.93G   0.06188   0.09727         0    0.1592        47       416    0.1401    0.5484    0.3218    0.1345   0.05953   0.06063         0
     14/29     1.93G   0.05974   0.09376         0    0.1535        24       416    0.1511    0.5355    0.2956    0.1075   0.05886   0.06093         0
     15/29     1.93G   0.05909   0.09794         0     0.157        46       416    0.1673    0.5828    0.3563    0.1477   0.05596   0.06016         0
     16/29     1.93G   0.05789   0.09458         0    0.1525        28       416    0.1978     0.572    0.4023    0.1778   0.05454   0.05638         0
     17/29     1.93G   0.05621   0.09088         0    0.1471        27       416    0.1819    0.5849    0.3811    0.1722   0.05459   0.05744         0
     18/29     1.93G   0.05525    0.0909         0    0.1462        56       416    0.1434    0.6495    0.3956    0.1703   0.05324   0.06147         0
     19/29     1.93G   0.05474   0.09349         0    0.1482        38       416    0.1828    0.5871    0.3506    0.1634    0.0534   0.05854         0
     20/29     1.93G    0.0539   0.09082         0    0.1447        14       416    0.1756    0.6516    0.4015    0.1896    0.0521   0.05879         0
     21/29     1.93G   0.05423   0.09117         0    0.1454        39       416    0.2528    0.6086     0.432     0.199   0.05161   0.05459         0
     22/29     1.93G   0.05419   0.09327         0    0.1475        43       416    0.2341    0.6409    0.4441    0.2179    0.0508   0.05548         0
     23/29     1.93G   0.05189   0.08906         0    0.1409        25       416    0.1864    0.6516    0.4117     0.216   0.04974   0.05836         0
     24/29     1.93G   0.05268   0.08968         0    0.1424        36       416    0.2661     0.643    0.4849    0.2522   0.04867   0.05335         0
     25/29     1.93G     0.051    0.0867         0    0.1377        30       416    0.1935    0.6946    0.4397     0.232   0.04916   0.05707         0
     26/29     1.93G     0.051   0.08825         0    0.1393        31       416    0.2811     0.628    0.4626     0.241   0.05016   0.05217         0
     27/29     1.93G   0.05141   0.08846         0    0.1399        48       416    0.2884    0.6753    0.5198    0.2631   0.04887   0.05203         0
     28/29     1.93G   0.05136   0.08735         0    0.1387        37       416    0.2269    0.6946    0.5094    0.2731   0.04756    0.0545         0
     29/29     1.93G   0.05005   0.08632         0    0.1364        47       416     0.273    0.6925    0.5145    0.2736   0.04726   0.05303         0
