      0/99     1.86G   0.09831   0.09352         0    0.1918        24       416         0         0  0.005487  0.001083   0.09149   0.05837         0
      1/99     1.93G   0.09291    0.1008         0    0.1937        37       416    0.0335    0.1212   0.01489   0.00295   0.09571   0.05933         0
      2/99     1.93G   0.09137    0.1015         0    0.1929        39       416   0.05157   0.03409   0.02614  0.005522    0.0914     0.058         0
      3/99     1.93G   0.08937   0.09861         0     0.188        32       416   0.04838    0.2614   0.02903  0.005753   0.08842   0.05944         0
      4/99     1.93G   0.08542   0.09755         0     0.183        55       416   0.06966    0.3902   0.07131   0.01468   0.08123   0.06559         0
      5/99     1.93G   0.08139    0.1021         0    0.1835        38       416    0.1142    0.3939    0.1418   0.02869   0.07738   0.05898         0
      6/99     1.93G   0.07786    0.1001         0    0.1779        41       416   0.05149    0.2841   0.07645   0.01932   0.08593   0.06649         0
      7/99     1.93G    0.0757     0.102         0    0.1777        29       416    0.0664    0.4091    0.1234   0.02911   0.07434   0.06787         0
      8/99     1.93G   0.07207    0.1013         0    0.1734        26       416   0.08547    0.4848   0.07858   0.01911   0.07214   0.06441         0
      9/99     1.93G   0.07022     0.105         0    0.1753        34       416   0.04688     0.625    0.1083   0.02933   0.06661   0.08193         0
     10/99     1.93G   0.06705   0.09875         0    0.1658        36       416    0.1191    0.5636    0.2741   0.08776   0.06224   0.06585         0
     11/99     1.93G   0.06397    0.1005         0    0.1645        43       416    0.1427    0.5341    0.3023    0.1137    0.0605   0.06201         0
     12/99     1.93G   0.06343    0.1001         0    0.1636        51       416    0.1504    0.5568    0.2889     0.107   0.05883   0.06253         0
     13/99     1.93G   0.06099   0.09634         0    0.1573        47       416    0.1563    0.5985     0.385     0.158   0.05873   0.06259         0
     14/99     1.93G   0.05907   0.09293         0     0.152        24       416    0.1199    0.6515    0.3673    0.1595   0.05557   0.06634         0
     15/99     1.93G   0.05818    0.0971         0    0.1553        46       416    0.1645    0.6402    0.3797    0.1689   0.05831   0.06184         0
     16/99     1.93G   0.05772   0.09388         0    0.1516        28       416    0.1703     0.625    0.3947    0.1869   0.05412    0.0602         0
     17/99     1.93G   0.05591   0.09075         0    0.1467        27       416    0.2277    0.5871    0.4108    0.1892   0.05301   0.05657         0
     18/99     1.93G   0.05534   0.08994         0    0.1453        56       416    0.1962    0.6667    0.4604    0.2136    0.0545   0.05829         0
     19/99     1.93G   0.05486   0.09308         0    0.1479        38       416    0.2008    0.6288    0.3813    0.1758   0.05226   0.05919         0
     20/99     1.93G   0.05367   0.09043         0    0.1441        14       416    0.1719    0.6705    0.4146    0.1922    0.0496   0.06257         0
     21/99     1.93G   0.05393   0.09132         0    0.1453        39       416    0.3308    0.6515    0.5195    0.2566   0.05133   0.05402         0
     22/99     1.93G   0.05382   0.09277         0    0.1466        43       416    0.2525    0.6326    0.4547    0.2237   0.04983   0.05655         0
     23/99     1.93G   0.05154   0.08865         0    0.1402        25       416    0.2545    0.6667    0.4933    0.2406   0.04947   0.05563         0
     24/99     1.93G   0.05267   0.08955         0    0.1422        36       416    0.2299    0.7083    0.5263    0.2715   0.04918   0.05669         0
     25/99     1.93G   0.05127   0.08686         0    0.1381        30       416    0.1438    0.7311    0.4265    0.2278   0.04992   0.06542         0
     26/99     1.93G   0.05101   0.08836         0    0.1394        31       416     0.336    0.6894    0.5501    0.2995   0.04804    0.0521         0
     27/99     1.93G   0.05136   0.08819         0    0.1395        48       416    0.2429    0.7197    0.5544    0.2951   0.04775   0.05457         0
     28/99     1.93G   0.05123   0.08757         0    0.1388        37       416    0.2229    0.7273    0.5236    0.2848   0.04651   0.05618         0
     29/99     1.93G   0.04973    0.0861         0    0.1358        47       416    0.2587    0.6856    0.5275    0.2786   0.04724    0.0547         0
     30/99     1.93G   0.04925   0.08669         0    0.1359        20       416    0.2845    0.7083     0.542    0.3057   0.04873    0.0529         0
     31/99     1.93G   0.04987    0.0849         0    0.1348        25       416    0.2238    0.7652    0.5536     0.299   0.04636   0.05593         0
     32/99     1.93G   0.04849   0.08425         0    0.1327        51       416     0.396    0.6894    0.5978    0.3173   0.04567   0.05121         0
     33/99     1.93G   0.04825   0.08533         0    0.1336        40       416    0.2788    0.7348    0.5937    0.3385   0.04507   0.05307         0
     34/99     1.93G    0.0479   0.08496         0    0.1329        34       416    0.2955    0.6932    0.5324    0.3056    0.0464   0.05268         0
     35/99     1.93G   0.04742    0.0822         0    0.1296        47       416    0.2476     0.697    0.5204    0.2982   0.04669   0.05465         0
     36/99     1.93G   0.04795   0.08673         0    0.1347        21       416    0.2834    0.7235    0.5863    0.3203    0.0459   0.05304         0
     37/99     1.93G   0.04785    0.0861         0    0.1339        28       416    0.3975    0.7348    0.6179    0.3492   0.04495   0.05036         0
     38/99     1.93G   0.04748   0.08561         0    0.1331        42       416    0.4272    0.7063    0.6318    0.3681   0.04477   0.05008         0
     39/99     1.93G   0.04716   0.08287         0      0.13        31       416    0.3047    0.7348    0.5941    0.3224   0.04534    0.0538         0
     40/99     1.93G   0.04615   0.08209         0    0.1282        36       416     0.351    0.7121    0.6154     0.351   0.04406   0.05008         0
     41/99     1.93G   0.04652   0.08371         0    0.1302        31       416    0.3678    0.7273     0.625    0.3527   0.04467   0.05065         0
     42/99     1.93G   0.04591   0.08359         0    0.1295        44       416     0.334    0.7235     0.616    0.3594   0.04464   0.05125         0
     43/99     1.93G     0.046    0.0833         0    0.1293        23       416    0.3104    0.7803    0.6601    0.4042     0.042   0.05184         0
     44/99     1.93G   0.04582   0.08392         0    0.1297        41       416    0.2714    0.7235    0.5856    0.3439   0.04407   0.05284         0
     45/99     1.93G   0.04596   0.08319         0    0.1291        63       416    0.3695    0.7045     0.625    0.3551    0.0448   0.05126         0
     46/99     1.93G   0.04562   0.08444         0    0.1301        38       416    0.2864    0.7311    0.5712    0.3356   0.04351   0.05469         0
     47/99     1.93G   0.04476   0.08036         0    0.1251        36       416    0.2273    0.7386    0.5622    0.3351   0.04427    0.0563         0
     48/99     1.93G   0.04492   0.08329         0    0.1282        57       416    0.4281    0.7083    0.6175    0.3688   0.04341   0.04977         0
     49/99     1.93G   0.04488   0.08051         0    0.1254        19       416    0.2782      0.75    0.6008    0.3603   0.04404    0.0525         0
     50/99     1.93G   0.04505   0.08158         0    0.1266        38       416    0.3053      0.75    0.6063    0.3621   0.04394   0.05191         0
     51/99     1.93G   0.04565   0.08117         0    0.1268        46       416    0.3944    0.7197     0.645      0.38   0.04332   0.04946         0
     52/99     1.93G   0.04515   0.08256         0    0.1277        32       416     0.266    0.7159    0.5628    0.3345   0.04341   0.05506         0
     53/99     1.93G   0.04462   0.08301         0    0.1276        60       416    0.3668    0.7083    0.6267    0.3817   0.04392   0.05193         0
     54/99     1.93G   0.04406   0.07911         0    0.1232        36       416    0.2388    0.7159     0.546    0.3246   0.04523   0.05701         0
     55/99     1.93G   0.04348   0.07908         0    0.1226        51       416    0.2787    0.7235    0.5802      0.35   0.04467   0.05292         0
     56/99     1.93G   0.04342   0.07821         0    0.1216        47       416    0.2376    0.7311     0.539    0.3399   0.04304   0.05621         0
     57/99     1.93G   0.04354   0.07992         0    0.1235        20       416    0.3357    0.7386    0.6291    0.3686   0.04394   0.05098         0
     58/99     1.93G   0.04335    0.0809         0    0.1243        33       416    0.3248    0.7045    0.5919    0.3622     0.043   0.05158         0
     59/99     1.93G   0.04297   0.08019         0    0.1232        33       416    0.2943      0.75     0.597    0.3719   0.04295   0.05286         0
     60/99     1.93G   0.04223   0.07751         0    0.1197        43       416    0.3274    0.7235     0.619    0.3924   0.04286   0.05122         0
     61/99     1.93G   0.04236   0.07879         0    0.1212        41       416    0.3091    0.7424      0.59    0.3642    0.0436   0.05201         0
     62/99     1.93G   0.04284   0.07725         0    0.1201        35       416    0.2428    0.7311    0.5738    0.3704   0.04296   0.05453         0
     63/99     1.93G   0.04256   0.07896         0    0.1215        49       416     0.325    0.7197    0.6145    0.3842   0.04275   0.05081         0
     64/99     1.93G   0.04182   0.07849         0    0.1203        46       416    0.3067    0.7614    0.6353    0.3897    0.0426   0.05015         0
     65/99     1.93G   0.04197   0.07739         0    0.1194        39       416    0.3276    0.7083    0.6027    0.3788   0.04332   0.05058         0
     66/99     1.93G   0.04174   0.07647         0    0.1182        61       416    0.2835    0.7348     0.579    0.3622   0.04337   0.05273         0
     67/99     1.93G   0.04087   0.07462         0    0.1155        45       416    0.2739    0.7727    0.5856    0.3743   0.04269    0.0543         0
     68/99     1.93G   0.04144   0.07877         0    0.1202        55       416    0.3068    0.7538    0.6184    0.3814    0.0426   0.05178         0
     69/99     1.93G   0.04127   0.07555         0    0.1168        35       416    0.2379    0.7197    0.5081    0.3303   0.04284   0.05687         0
     70/99     1.93G   0.04178   0.07731         0    0.1191        39       416    0.3056    0.7614    0.6228    0.3892   0.04316   0.05216         0
     71/99     1.93G   0.04136   0.07694         0    0.1183        53       416    0.2632    0.7235     0.574    0.3552   0.04483    0.0533         0
     72/99     1.93G   0.04026    0.0747         0     0.115        51       416    0.2926    0.7424    0.6316     0.392   0.04242   0.05219         0
     73/99     1.93G   0.04045   0.07668         0    0.1171        22       416    0.2965     0.697      0.58    0.3612   0.04411   0.05323         0
     74/99     1.93G   0.04016   0.07502         0    0.1152        48       416    0.3074    0.7235    0.5946    0.3851   0.04323   0.05233         0
     75/99     1.93G   0.04032   0.07584         0    0.1162        20       416    0.3243    0.7197    0.6224     0.386   0.04296   0.05275         0
     76/99     1.93G   0.04034   0.07431         0    0.1146        42       416    0.3324    0.7273     0.609    0.3826   0.04418   0.05087         0
     77/99     1.93G   0.04002   0.07547         0    0.1155        33       416     0.345     0.697    0.6186    0.3959   0.04395   0.05094         0
     78/99     1.93G   0.03978   0.07421         0     0.114        36       416    0.3445    0.7227     0.625    0.4011   0.04322   0.05238         0
     79/99     1.93G   0.03996   0.07458         0    0.1145        35       416    0.2902    0.7424    0.5938    0.3752   0.04349   0.05248         0
     80/99     1.93G   0.03973   0.07178         0    0.1115        35       416    0.3852    0.7386    0.6552    0.4073   0.04218   0.04958         0
     81/99     1.93G    0.0394   0.07434         0    0.1137        37       416    0.3277    0.7164    0.6288    0.4165   0.04403   0.04982         0
     82/99     1.93G   0.03845   0.07148         0    0.1099        31       416    0.3748    0.7348    0.6432    0.4252   0.04308   0.04965         0
     83/99     1.93G   0.03942   0.07175         0    0.1112        34       416    0.3725    0.7045    0.6363    0.4097   0.04365   0.05027         0
     84/99     1.93G   0.03952   0.07419         0    0.1137        61       416    0.3161    0.7386    0.6001    0.3879   0.04449   0.05229         0
     85/99     1.93G   0.03953   0.07353         0    0.1131        61       416    0.3997    0.7121    0.6259    0.4098   0.04416   0.04964         0
     86/99     1.93G   0.03955   0.07397         0    0.1135        36       416    0.2888    0.7348    0.6009    0.3844   0.04363   0.05248         0
     87/99     1.93G   0.03874    0.0722         0    0.1109        34       416    0.2955    0.7083    0.5906    0.3843   0.04419    0.0521         0
     88/99     1.93G   0.03903   0.07302         0    0.1121        26       416    0.3255    0.7083    0.6319    0.4161   0.04323    0.0508         0
     89/99     1.93G   0.03907   0.07299         0    0.1121        55       416    0.3001    0.7121    0.5945    0.3851   0.04367   0.05266         0
     90/99     1.93G   0.03856   0.07327         0    0.1118        49       416    0.2601    0.7652    0.5861    0.3776   0.04307   0.05518         0
     91/99     1.93G    0.0386    0.0708         0    0.1094        31       416      0.34    0.7159    0.5934    0.3901   0.04478   0.05231         0
     92/99     1.93G   0.03801   0.07254         0    0.1105        53       416    0.3562    0.7121    0.6416    0.4266   0.04404   0.04999         0
     93/99     1.93G   0.03865   0.07107         0    0.1097        39       416    0.3055    0.7121     0.613    0.4023   0.04413   0.05244         0
     94/99     1.93G   0.03781   0.07077         0    0.1086        16       416    0.3026    0.7159    0.5961    0.3925   0.04405   0.05261         0
     95/99     1.93G   0.03851   0.07147         0      0.11        47       416    0.2694    0.7197    0.5662    0.3843   0.04319   0.05583         0
     96/99     1.93G    0.0379   0.07022         0    0.1081        55       416    0.3166    0.7121    0.5974    0.4043   0.04372   0.05323         0
     97/99     1.93G   0.03796   0.07172         0    0.1097        56       416    0.2987    0.7045    0.5753    0.3761   0.04297   0.05494         0
     98/99     1.93G   0.03765   0.07164         0    0.1093        50       416    0.3655    0.7083    0.6282     0.415    0.0432   0.05162         0
     99/99     1.93G   0.03757   0.07069         0    0.1083        33       416    0.2969    0.7121    0.5582    0.3633   0.04283   0.05539         0
